003_S_4081_1 0 2 72.8
003_S_4119_1 0 1 79.4
003_S_4136_1 3 1 66.8
003_S_4142_1 3 2 89.7
003_S_4152_1 3 1 60.8
003_S_4288_1 0 2 72.5
003_S_4350_1 0 1 73.0
003_S_4373_1 3 2 71.2
003_S_4441_1 0 2 68.8
003_S_4555_1 0 2 65.9
003_S_4644_1 0 2 67.7
003_S_4839_1 0 1 65.6
003_S_4840_1 0 2 61.8
003_S_4872_1 0 2 68.6
003_S_4900_1 0 2 59.9
005_S_4707_1 3 1 68.0
005_S_4910_1 3 2 81.6
005_S_5038_1 3 2 81.6
007_S_4387_1 0 2 76.2
007_S_4488_1 0 1 72.7
007_S_4516_1 0 1 71.4
007_S_4568_1 3 2 70.7
007_S_4620_1 0 1 77.2
007_S_4637_1 0 2 70.9
007_S_4911_1 3 1 74.6
016_S_4009_1 3 1 90.4
016_S_4097_1 0 2 70.8
016_S_4121_1 0 1 89.1
016_S_4353_1 3 2 55.7
016_S_4583_1 3 1 86.6
016_S_4591_1 3 2 66.0
016_S_4688_1 0 2 81.9
016_S_4887_1 3 1 73.9
016_S_4951_1 0 2 72.0
016_S_4952_1 0 2 69.4
016_S_4963_1 3 2 71.9
016_S_5032_1 3 2 77.6
021_S_4254_1 0 2 86.0
021_S_4335_1 0 2 72.8
021_S_4718_1 3 1 78.6
021_S_4924_1 3 1 77.4
027_S_4801_1 3 1 77.8
027_S_4802_1 3 1 83.4
027_S_4938_1 3 1 71.1
027_S_4962_1 3 2 80.2
029_S_4279_1 0 1 83.9
029_S_4290_1 0 1 73.6
029_S_4307_1 3 1 78.6
029_S_4384_1 0 1 62.4
029_S_4385_1 0 2 68.4
029_S_4585_1 0 1 65.5
029_S_4652_1 0 1 79.4
052_S_4959_1 3 1 77.6
052_S_5062_1 3 2 71.1
094_S_4089_1 3 1 73.8
094_S_4234_1 0 1 70.2
094_S_4282_1 3 1 89.7
094_S_4459_1 0 2 68.2
094_S_4460_1 0 2 67.2
094_S_4503_1 0 2 71.8
094_S_4560_1 0 2 70.4
094_S_4649_1 0 1 65.5
094_S_4737_1 3 2 74.4
098_S_4003_1 0 2 72.4
098_S_4018_1 0 1 76.2
098_S_4201_1 3 2 64.1
098_S_4215_1 3 1 81.7
098_S_4275_1 0 1 72.9
098_S_4506_1 0 1 71.6
109_S_4378_1 3 1 80.0
109_S_4499_1 0 1 84.0
126_S_4494_1 3 1 71.2
126_S_4686_1 3 1 71.8
127_S_4198_1 0 2 78.5
127_S_4500_1 3 2 90.4
127_S_4604_1 0 1 65.1
127_S_4645_1 0 2 76.4
127_S_4749_1 3 2 78.1
127_S_4843_1 0 2 73.4
127_S_4940_1 3 1 89.4
127_S_4992_1 3 2 63.8
127_S_5028_1 3 2 61.9
127_S_5056_1 3 1 85.4
127_S_5058_1 3 1 61.8
129_S_4369_1 0 1 68.4
129_S_4371_1 0 1 67.8
129_S_4396_1 0 2 78.5
003_S_2374_1 1 2 81.4
003_S_4354_1 2 1 75.9
003_S_4524_1 2 1 72.0
003_S_4892_1 2 2 75.2
005_S_2390_1 1 2 88.0
005_S_4168_1 1 1 82.2
005_S_4185_1 1 1 80.5
007_S_2058_1 1 2 84.1
007_S_2106_1 1 1 77.6
007_S_2394_1 1 1 67.6
007_S_4272_1 1 1 71.0
007_S_4467_1 1 2 62.0
007_S_4611_1 2 1 67.0
016_S_2007_1 1 2 83.6
016_S_2031_1 1 1 72.7
016_S_2284_1 1 1 76.7
016_S_4584_1 2 2 78.4
016_S_4601_1 1 1 72.9
016_S_4646_1 2 2 61.0
016_S_4902_1 2 2 75.4
016_S_5007_1 1 2 71.7
016_S_5031_1 1 2 80.5
021_S_2077_1 1 1 81.1
021_S_2100_1 1 2 88.0
021_S_2124_1 1 2 82.4
021_S_2125_1 1 2 78.3
021_S_2142_1 1 2 82.8
021_S_2150_1 1 1 72.8
021_S_2296_1 1 1 55.3
021_S_4245_1 1 1 73.6
021_S_4402_1 2 2 73.2
021_S_4857_1 2 1 68.4
027_S_2183_1 1 1 83.2
027_S_2219_1 1 1 74.4
027_S_2336_1 1 2 73.0
027_S_4757_1 2 2 63.1
027_S_4804_1 2 1 79.5
027_S_4869_1 2 1 77.4
027_S_4873_1 2 1 82.7
027_S_4919_1 1 2 74.9
027_S_4926_1 1 1 62.6
027_S_4943_1 2 1 76.2
027_S_4955_1 2 1 71.5
027_S_4966_1 1 1 61.8
029_S_2370_1 1 2 64.4
029_S_2376_1 1 1 82.1
029_S_4327_1 1 1 83.0
052_S_2249_1 1 1 75.9
052_S_4626_1 2 1 69.3
052_S_4807_1 2 2 72.2
052_S_4885_1 2 1 75.0
052_S_4944_1 1 1 68.1
052_S_4945_1 2 1 56.5
057_S_2398_1 1 1 72.2
057_S_4888_1 2 1 74.9
057_S_4897_1 1 2 75.9
057_S_4909_1 2 2 78.3
094_S_2201_1 1 2 63.8
094_S_2216_1 1 1 68.2
094_S_2238_1 1 1 68.6
094_S_2367_1 1 1 74.9
094_S_4162_1 2 2 71.4
094_S_4295_1 2 2 70.1
094_S_4434_1 1 1 66.7
094_S_4486_1 1 2 68.6
094_S_4858_1 1 1 55.2
098_S_2047_1 1 1 77.5
098_S_2052_1 1 1 73.2
098_S_2071_1 1 1 85.0
098_S_2079_1 1 1 65.7
098_S_4059_1 1 1 71.9
099_S_2146_1 1 1 68.6
109_S_2110_1 1 2 67.9
109_S_2111_1 1 1 71.5
109_S_2237_1 1 1 65.2
109_S_2278_1 1 1 56.2
109_S_4260_1 1 2 77.7
109_S_4380_1 1 1 72.0
109_S_4455_1 1 1 64.3
109_S_4471_1 2 1 73.0
109_S_4531_1 2 1 73.9
109_S_4594_1 1 1 62.2
126_S_2360_1 1 1 63.2
126_S_2405_1 1 2 71.7
126_S_2407_1 1 2 68.1
126_S_4458_1 2 2 76.2
126_S_4507_1 2 1 78.2
126_S_4514_1 1 2 67.7
126_S_4675_1 2 1 79.9
126_S_4712_1 2 1 74.4
126_S_4743_1 2 1 70.1
126_S_4891_1 1 1 59.8
126_S_4896_1 2 1 68.2
127_S_2213_1 1 2 82.4
127_S_2234_1 1 2 63.7
127_S_4197_1 2 1 79.4
127_S_4210_1 2 1 64.0
127_S_4240_1 2 1 70.9
127_S_4301_1 1 1 74.7
127_S_4624_1 1 2 77.9
127_S_4765_1 1 1 76.0
127_S_4844_1 1 1 85.4
127_S_4928_1 2 1 77.9
129_S_2332_1 1 2 71.6
129_S_2347_1 1 1 72.1
129_S_4073_1 1 1 76.8
129_S_4287_1 2 2 71.0
027_S_2245_1 1 2 57.1
098_S_4050_1 0 1 77.1
109_S_2200_1 1 2 76.1
127_S_4148_1 0 1 73.1